id	SRR601068	SRR599192	SRR598484	SRR601925	SRR607586	SRR598124	SRR602598	SRR608344	SRR600445	SRR608288
1	0.23516185345062407	-0.3884227780451043	0.3426740518046087	0.31935030899703465	0.3608950329631015	-0.3385736822278843	-0.26029294055541036	0.09286202244018993	-0.42016990818318706	0.2768043308342235
2	0.4791965019688198	0.12564981810831058	-0.25564117362857514	0.40150417578427783	0.17864691687689546	-0.23687910986863234	0.0834858741488631	-0.44816133313620593	0.1381586236872087	-0.46161901204569794
3	-0.2663874682416933	0.27153684844522213	0.33331145879555507	-0.000852809402991425	0.2801664626065136	0.1653167983872531	-0.20548391319817053	-0.6870718943360447	0.1605267652610148	0.31356824028995617
4	0.028871617973195447	0.3587124606009222	-0.03431830257958355	0.08814666382328103	-0.005556902576145406	-0.08123655731545222	-0.8059242635267677	0.33785399432102464	0.2730519155279182	-0.12921831931315944
5	-0.5858894189612387	0.19267107797246283	0.07084500082852438	0.14870363437972003	0.2990663190612096	-0.5765258577832832	0.2927305222772037	0.19973806912107595	0.15012488735296964	-0.15010994244501746
6	0.4152729227069933	0.14146414450847494	0.22230377053059025	-0.571079948315066	-0.14889018248780378	-0.544718099159475	0.08285242165676834	-0.05937097736853172	0.23736054651327476	0.21533569597930535
7	0.03441159053724788	-0.1119340268610052	-0.6514783081118378	-0.30091591422474107	0.6071724413354489	0.026891994044114628	-0.0514207520017892	0.05369528206204666	0.0999361581235373	0.2939662856176512
8	0.08336201118074997	0.10697067284250796	0.33823000113929563	-0.45040985719626614	0.45673687192992163	0.2256997883617697	0.0014543199547055715	0.09219132399540156	-0.2649953329045632	-0.5710224432880379
9	-0.060251761141946046	-0.6791729063539275	0.2120712833882686	-0.03147945996229695	0.07320211601448	0.07200741013817454	-0.07487234511702083	-0.012986029817147696	0.6562207391719687	-0.20538968440416772
10	0.34028237222261437	0.2975751045360054	0.2582868187226032	0.2939111324978471	0.2551107312768416	0.33072437734060656	0.36432454967633526	0.38645010685550835	0.3381276689279329	0.2677585623707548
