id	GTEX-XV7Q	GTEX-PWN1	GTEX-QV44	GTEX-U8XE	GTEX-O5YT	GTEX-QEG5	GTEX-XOTO	GTEX-X5EB	GTEX-XBED
1	-0.2407311077930292	-0.43702430800056696	0.2132014327288262	0.31963086971362165	0.43023841631262616	0.31607331966542845	-0.30141917719384437	0.11516672238618983	-0.46294190949291236
2	0.03654020496248854	0.16726533896240664	0.629069166081581	-0.3846687850820891	0.3781043288296754	-0.10735129588382189	-0.019915953789920143	-0.5215672157779228	0.008534627971455946
3	0.5088280597025567	-0.05652370523332385	0.07914696641503179	-0.009003524373349798	-0.17707717139578585	0.34395493412941236	-0.6882405764076187	-0.047937355607186094	0.32545255912986915
4	0.11854140763389057	-0.03463671600207396	-0.20819174831544388	0.48592795266234384	-0.07895332080206532	0.286928859737811	0.2645439140783046	-0.7390594304643389	-0.022898290007168826
5	0.580320984102969	-0.4573878356619883	0.21152480014642708	0.21997679329103176	-0.060798821764719915	-0.5569792487092214	0.1533178676219375	0.04919419021576672	-0.14506059227379015
6	0.13423012423529437	-0.41776260175449037	0.11928671124563438	-0.5023846166267201	-0.28249882640986246	0.5155861399217474	0.4165936951197968	0.060808161835733815	-0.13399427546860568
7	-0.4864093933624682	-0.3745168105751017	0.3850513184501932	0.21510028245351112	-0.2965453934039456	-0.08285190388381622	0.02255266039724232	-0.037768810853437536	0.576083064673009
8	-0.05641332350328409	0.3972836799355868	0.446955307349702	0.21209151138114074	-0.6053325417804565	0.04045060455267629	-0.07417404434262144	0.054153714768310164	-0.4666189102423243
9	0.2705338345478369	0.30791401700305404	0.3196927616374383	0.3487520049526958	0.3106015615148137	0.32153467627517995	0.4025222655007099	0.39461452693266186	0.3009423575089615
